201516
201475
201442
201438
201415
201523
201406
201525
201428
201408
201489
201440
201468
201425
201435
201409
201527
201411
201510
201535
201599
201524
201418
201584
201583
201601
201613
201480
201630
201566
201631
201579
201410
201602
201456
201580
201626
201589
201638
201424
201633
201624
201636
201568
201590
201623
201608
201604
201558
201514
201615
201627
201664
201657
201607
201606
201660
201416
201621
201645
201643
201673
201670
201642
201651
201667
201648
201682
201677
201540
201713
201710
201707
201696
201714
201402
201675
201739
201678
201757
201503
201730
201736
201658
201774
201786
201417
201787
201788
201665
201557
201720
201708
201640
201751
201676
201745
201772
201573
201971
201973
201912
201990
201994
201957
201444
202046
202009
202098
201909
201479
202024
201436
202099
202094
202027
202101
202135
201982
201933
202028
202198
201966
201929
202032
202031
202082
201963
201897
202023
202200
201954
201854
201923
202158
201968
201938
202177
201586
202045
202222
202036
202037
202107
202168
201511
202229
201877
201914
202189
202239
202060
202014
202216
202000
202233
201916
202007
202201
201969
201980
202179
202138
201932
202272
202214
201407
202026
201984
201659
202089
202217
201981
201915
202005
201661
201956
202162
202111
201459
202248
202029
202210
201996
202124
201964
202146
201894
201619
202325
202215
201986
201879
202259
201600
202093
201797
202197
202212
202309
201841
202065
202209
202318
202271
201778
202251
202019
202254
202038
201976
202231
201989
202091
202054
202125
202126
202350
201666
201518
201997
201952
201960
201462
202276
202017
201422
201779
201431
201569
201939
202153
201548
202277
202240
202377
202139
202043
201464
201871
202373
202347
202188
201833
201528
202308
202067
202006
202055
201917
202341
202187
201813
202384
202274
202315
202018
202275
201844
202152
201936
201999
202270
201492
201902
201691
201641
202264
202283
202402
202354
202433
201769
202172
201764
202337
202257
202311
202430
201478
201901
202266
201505
202242
202313
202092
202428
202070
202025
202375
202247
202298
201884
202418
201449
201947
201485
201784
202199
201749
201763
202211
202359
202137
202030
201895
202095
201869
202186
202455
202075
201446
202462
201840
201921
201539
202180
201513
202432
202286
201491
202396
201852
201979
202225
202397
202262
202289
202196
202357
201898
202301
201904
202368
202140
202306
202441
201899
202316
202083
201987
201450
202339
202265
201883
202077
201878
202273
201868
202155
201649
202464
201598
202508
202237
202068
201460
202511
201961
202121
202287
202495
202521
202461
202072
202204
202022
201950
201951
202512
202100
202533
202526
201507
202442
202438
202268
202517
201477
201451
202554
202252
202454
201582
202362
202459
202366
202299
201846
202324
201827
202553
201655
202490
202422
202134
202307
202048
202540
202544
202559
202223
201519
202514
202524
202513
202221
202334
202502
202545
202465
202507
202555
202412
202516
202466
202486
202424
202518
202564
202321
202571
202525
201860
202558
202463
202088
202527
202411
202510
202395
202249
201838
201839
202552
202184
202568
201978
202127
201892
201441
202012
202143
202618
202504
202565
201685
202485
202034
201473
201870
201890
201780
202051
202081
201886
201512
202052
201455
202583
202482
202445
201776
201465
202404
202387
202335
202593
202627
202626
202380
202600
201445
202551
201743
202574
202633
202167
202436
202447
201617
202484
202635
201746
202393
202398
201941
202535
202570
201872
202399
201900
201974
202244
202532
202468
201809
202578
202680
202500
202349
202520
202531
202573
202677
202458
201859
202503
201423
202118
202115
202063
202415
202608
202631
202625
202576
202667
202632
202614
202628
202658
202662
202435
201453
201515
202443
202594
201509
202701
202672
202668
202715
202343
201663
202478
202604
201995
202640
202665
202686
202331
202582
202537
202731
202606
201848
202645
202505
202653
202704
202569
202285
202310
202328
202356
201880
202605
202322
202176
202506
202403
202637
202282
202491
202256
201798
202319
202575
202467
201574
202206
202722
202692
201592
202452
201717
202109
202110
202725
201486
202775
202519
202663
202654
202613
202624
202669
202656
202473
202706
202720
201953
202744
201538
201824
201426
202676
202730
202431
202674
202794
202717
202602
202269
202288
202439
201433
202736
202078
202175
202750
202746
201761
202756
202757
202557
202768
201564
202641
202702
201414
201413
202621
202267
202281
202202
202769
202689
202770
202596
201814
202718
202782
202745
202234
202682
202763
202597
202122
201847
202758
201497
202759
202777
202612
202788
202709
202501
201637
202584
202342
202332
202684
202685
202323
202743
202598
202660
202767
202716
202069
202577
202336
202690
202760
202346
202787
202003
202806
202726
202474
202420
202278
202808
202113
201825
202292
202817
202425
202780
202772
202185
201758
202696
202675
201777
202773
202778
201910
202691
202376
202812
201783
202774
201520
202648
202766
201820
201581
202348
202792
202749
201819
202169
202426
201762
201404
202681
202793
202291
202340
201988
202655
202260
202191
202361
201759
201561
201560
201794
202245
202771
202421
201934
201741
202854
202838
202813
202823
202799
202841
202590
201828
202810
202410
201526
202786
202444
202790
201928
201740
201768
202738
202805
202056
202906
202079
202509
202834
202163
202876
202304
202900
202877
202670
202819
202742
202423
202381
202831
201484
201882
201612
202330
202650
202061
201919
202794
201732
202815
202226
201401
202835
202142
202764
202253
201799
202437
202708
202241
202840
202878
202893
202345
202811
202804
202867
202842
202013
202041
202363
202747
202913
202207
202383
202446
202171
202642
202852
202899
201791
202066
202543
202909
202227
202327
202326
202927
202865
202914
202861
202924
202885
202902
202872
202921
201903
201556
202599
202408
202494
202904
202434
201755
202931
201927
202469
201949
202818
201937
202457
201975
202147
201452
202824
202977
202678
202882
202791
202734
202935
202832
201862
201434
202044
201716
202064
202698
202320
202453
202925
202942
201405
201403
202940
201466
201467
202879
201496
202946
202947
201835
202917
202943
202923
201412
202965
202958
202951
201850
202610
202595
202108
202957
201488
202002
202737
202390
202897
202460
201544
202928
201770
202955
202971
203051
203030
203035
202859
202860
202989
203023
203024
203010
202826
203039
203003
202871
203015
202962
202963
202664
201495
203019
202820
202950
201785
202671
202609
201699
202711
202174
201935
202992
201985
202952
203027
202995
202112
202896
202741
202530
203000
203037
203078
202807
202556
203040
201742
202279
201731
203073
201605
201876
201826
201856
203054
203045
203050
201808
202218
202960
201889
203011
201552
202607
203068
202888
202862
201611
202999
202929
202959
203065
201652
203060
203079
202886
201855
202967
202230
202825
202159
201800
203101
202131
203080
202887
203022
201908
202053
202864
203005
202057
202987
203021
202994
202732
201704
202480
202857
203006
201735
201697
202219
202797
202969
202944
202984
202534
202562
203017
203127
202869
202086
201931
202937
202567
202983
202781
202866
202353
202058
202990
201542
203038
202611
202895
202966
202748
203064
202779
203046
202673
203069
203107
202724
203072
203084
202688
202451
203196
203014
203110
203032
203028
202988
203033
203198
202948
202391
202964
202739
203004
202588
202587
202911
202998
202011
202976
202636
202405
202721
203009
202847
202643
203158
201734
203131
201705
203151
202858
203047
203225
201790
202836
202982
201687
202703
202713
203062
202830
203215
203235
203207
203213
203167
203188
203123
203122
203192
202980
203129
202601
203029
203204
203143
202456
203012
203116
201773
203139
203163
203150
202385
203091
201767
203171
203100
203156
203182
202881
201836
202050
203125
203203
203042
203119
202996
203212
203191
203058
203195
201530
203210
203159
202016
202850
202974
203124
201537
203104
202427
203201
203108
201815
202539
201430
203115
203087
202845
203161
203093
203220
202755
202949
202243
201845
203109
203257
203117
201546
202033
203247
201420
202165
203260
202117
202141
202010
203112
203172
203132
202776
203145
202889
203148
203041
203187
203183
203208
202156
201760
203200
201944
203121
203242
202047
203186
202563
203036
201674
203077
203166
203265
203174
201804
203272
203310
201498
203113
201555
203099
203271
203185
203155
201801
203274
203269
203130
201650
203180
203233
202699
202978
203199
203283
203299
203089
202364
202515
201448
201727
203214
203296
203229
203102
203168
203255
203324
203239
203278
201753
203224
203268
201506
202586
201494
201471
201567
202589
201816
203331
201439
203277
201554
203337
203016
203232
201719
203320
201718
203309
202666
203243
202714
203002
203202
203254
203137
201668
203193
203081
203230
202849
203071
203318
203323
203177
203345
201724
201723
201747
202894
202833
202979
203297
203106
203355
201863
203311
203120
203280
201536
202374
203291
201756
203276
203292
202694
201896
203092
202344
203194
202657
201750
203236
203376
203389
203402
202472
203322
203386
203211
203251
201609
203344
203111
203354
202145
203424
203319
203371
203359
201793
201831
203328
201771
202603
201812
202915
203133
202961
202523
203275
203353
203007
201628
203286
201647
201766
202870
203176
203266
203279
202916
203384
203374
202084
203422
203103
203364
203316
203088
203420
203335
203380
203263
202880
202389
202740
203066
202386
203375
203382
202945
203034
203332
203400
203098
203441
203413
202365
202351
203294
202255
203300
203267
203385
203358
203387
203403
203416
203114
203453
203261
203445
203454
203463
203262
203095
203421
203410
201469
203008
203329
201700
203373
203412
202220
203406
203154
203302
201543
201472
202352
203397
203043
203340
201810
203149
203018
201672
201983
203142
203460
202649
203343
203157
203273
201689
203293
203330
203414
203256
203427
203326
203339
203489
201684
201508
202829
203433
203455
203347
202498
201992
202120
201483
201533
203379
203126
203496
203259
203351
203190
201551
203415
203442
203473
202536
203352
202547
203090
201656
201832
201487
202997
203197
201693
201737
202798
201646
203140
203448
203459
203173
203341
202903
203303
201688
202712
203435
201686
203350
203053
203362
203479
202542
202329
203178
203429
203321
203447
201595
202295
203509
202497
203426
203482
203285
201585
203360
203338
201926
203241
202619
203472
201796
201795
203423
203356
203507
201662
201711
203505
201625
203481
202970
203405
201729
203471
203417
203327
202751
203308
202973
203378
201522
202856
202993
201502
202417
202284
201559
203170
201570
203508
203457
203541
202796
203169
201945
201946
202837
202550
201738
203228
201616
201881
203434
203436
202409
202228
203476
203526
203499
201443
203487
202785
202392
203528
202492
201429
201679
201823
203501
203061
203440
203461
203361
203549
203349
202416
202901
201565
202801
201703
201421
201681
203527
203546
203398
201629
201744
202579
203516
203506
201419
202148
203533
203221
203367
201490
203553
203477
202898
203025
203475
203446
201470
203295
203538
203570
202926
203537
203443
203313
201822
202639
203245
203128
203560
203094
202953
203539
203522
203525
203147
202076
203554
203548
201765
203550
203563
203152
203543
203586
203517
203566
202333
203495
201821
203513
203568
203579
201541
203164
203523
202190
203593
202481
203612
203606
203573
203067
203585
203595
203596
203601
201958
203578
202479
203605
202173
203556
203512
203567
203258
203514
203590
201529
203237
203558
201887
203594
202300
202149
202972
203369
201596
201715
203086
203635
202440
201712
202802
201587
201457
203557
201706
203076
203418
203620
203617
203621
203146
203575
202874
203534
203618
203611
202693
203521
203587
203607
203616
203530
203636
201603
203609
203577
203465
203651
203583
203653
203581
203535
203625
202875
203574
203486
203633
203638
203555
203640
203645
203619
202705
203626
202762
203562
203205
203646
203518
203162
201942
203468
203641
203565
203627
203559
203664
203134
203655
203652
203613
203643
203660
203217
203497
203520
202892
203677
203624
203634
203250
203290
203686
203671
203668
203680
203629
203678
203631
203662
203658
203597
203687
203515
203637
203175
202809
203494
203676
203684
203589
203710
203179
202312
202659
203681
203576
203614
203639
202985
203714
203673
201690
203449
203604
203370
203689
203608
203697
203667
203704
201461
203244
203184
201562
201837
202496
202855
202164
202102
202103
202761
203630
203675
203721
202620
203503
201817
202733
203706
203231
203731
203702
201920
203739
202795
203724
203001
203730
202040
202382
203695
203715
203700
203726
203725
203727
202933
203365
202827
203153
203281
203610
203769
202561
201807
203462
203719
202908
203743
203657
202183
203759
203663
203752
203755
203709
203699
203720
203524
203771
203728
201427
202986
203750
203716
203789
203754
203770
203756
202338
203458
203775
203748
203735
203776
201447
203737
203666
203760
203734
203764
203717
203768
203547
202700
203791
203758
201547
203762
203708
203571
203531
203536
202814
203766
203222
203761
201993
203044
203694
203500
202853
201972
203805
203806
203802
203821
202073
203801
202150
202920
202378
203532
203745
203711
202529
202528
203807
203747
202105
201622
203052
201588
203485
202981
203247
201843
201842
202723
203823
203301
203692
203654
203815
203569
203817
203827
201861
203772
203691
202205
202483
203858
203450
202683
203736
203510
203864
203865
203841
203810
203582
201775
203788
203840
203866
201834
201864
203831
203372
203835
203811
203792
203800
203650
202360
203744
203803
203837
203787
201858
203209
202585
203733
203773
202290
203746
203074
203757
203868
203289
203786
201857
203794
203648
203282
201454
202379
203870
203474
203796
203105
203878
203891
203882
203732
203898
203774
203902
203876
203723
203852
203900
203818
203877
203906
203908
203909
203885
203901
203600
203904
203911
202828
203887
203907
203899
203880
203883
203881
203918
203886
203914
203920
203915
203910
203853
203913
203875
202388
202783
203903
203888
203342
203615
203814
203836
203889
203924
202873
203929
203921
203820
203947
203923
203950
203938
203926
203941
203969
203863
203937
202182
203935
203782
203707
203905
203851
203843
203740
203804
203942
203965
203874
203862
203861
203922
203955
203967
203946
203945
203934
203873
203765
203763
203830
203953
202296
203048
203936
203930
203669
203785
203869
203622
202414
203960
203979
203813
203793
203884
203956
203978
202848
203860
203809
203425
203976
203954
203927
203828
203995
203602
203504
203982
203713
203363
203428
203983
203962
203783
203879
202646
203928
201654
203780
203973
202890
203992
203751
203819
203584
201001
203966
203834
203958
204006
204002
203795
204005
203943
204010
204011
203848
203388
203798
203980
203894
203893
203892
203701
204004
203991
203181
203999
202355
203986
203832
202116
202119
203990
202129
203661
203838
203346
202918
202919
202314
204021
202144
203974
204022
203997
203753
204003
203972
203777
202572
203975
203642
204023
203722
204020
203712
202695
204009
203940
204007
203325
203968
203656
203912
203952
202803
202114
201962
203996
203057
204000
203144
204015
201437
203135
204025
203444
203896
203872
203690
203849
201965
203598
202938
203270
204016
202615
204014
203480
203395
204030
204012
203738
202493
203490
201874
202566
201531
203314
203307
204027
203628
203334
203138
203683
203603
202394
201432
203470
203685
203304
202236
203632
202652
203659
203784
203779
204013
203647
202407
202912
203264
202546
203484
203939
202884
201594
202448
203141
202195
203948
203829
203591
202581
203985
202406
201977
202294
203994
202154
203987
202246
203833
201948
203933
202203
203464
203287
203529
202487
203357
201683
201577
202074
203988
203467
202816
202371
203368
203951
203488
203118
203919
203240
202560
202080
203252
202370
201970
202232
203253
202035
202471
202400
202085
202192
203977
203312
201925
203693
202728
202991
203696
203055
202136
202839
203767
203392
201563
203096
201875
201728
201811
202224
203998
202891
203890
202883
201694
201653
201692
201702
201943
203499
203855
201922
203248
203964
203545
202623
202934
203288
202907
203790
203961
202863
201865
201553
201748
203013
203672
203970
201680
202039
203826
203083
203895
203407
203781
202062
204029
203623
203483
203649
202015
203682
203839
203284
202151
202090
202679
204031
203049
201866
203944
201571
202846
203670
203854
201940
203949
202488
202941
202097
203540
203705
203816
203432
202765
203401
203564
201803
202157
203857
203856
203981
202004
202629
202975
202160
202161
202939
202954
201967
203070
203451
203674
203729
202401
202843
202651
202008
203063
202719
202905
202622
201924
201754
203498
201991
203688
201907
202059
201806
203075
203511
202049
202020
201911
202042
203206
203020
202096
203430
202128
202303
204028
202130
201891
201998
201830
203797
203399
203411
202106
202297
202932
202087
204109
202235
202258
202178
203812
201532
201888
201913
202592
201873
202644
203572
202822
202687
202489
202358
201781
203580
201829
203989
202166
203552
202522
201867
202634
202710
202250
202580
202372
202261
203404
203082
202800
202238
203825
202181
201959
203957
202133
202549
203850
203822
203931
204008
203846
201545
201501
202293
203298
203588
202910
202413
203059
201752
201849
204032
202661
201918
202213
202208
203749
201550
202844
204033
203551
204035
204034
204034
202868