203298
203346
202356
202142
203117
202099
204034
203812
204035
202187
201988
202464
203591
203852
201973
203230
202868
202296
203756
203468
202080
203063
202469
201927
202327
202574
202852
203776
201983
203370
201444
202899
202642
201484
202176
203175
202917
203214
201746
203359
203637
202053
203739
204034
202058
203101
202041
202315
202253
202027
202698
203517
203028
203217
203522
203149
202353
202965
202077
202258
203318
202845
203280
201447
203224
202694
202523
202230
201699
203427
203499
202145
202506
202878
202867
201586
202363
202067
202021
202219
203830
202109
202586
202651
202665
202830
201941
203058
202289
202805
202202
202282
202420
203156
202443
201617
202549
202307
203275
201451
202026
201929
202158
202155
203002
201477
201464
202453
203021
203037
203486
202143
202002
203453
202479
201501
202255
202682
203785
202134
202734
201813
203623
201531
202045
201914
202212
201763
202110
203308
202517
203179
201990
202623
201985
202237
203663
203820
203709
202115
203252
202408
202718
203730
202704
203231
201945
202120
202951
202017
201963
202972
203717
202628
203262
203261
203573
202048
202147
202551
202100
202561
202316
201924
201434
202745
202843
203707
203145
202213
202389
202203
201995
202269
201403
201479
203112
202167
202415
201980
203639
201921
203146
202148
202081
203191
202070
202051
203595
202201
202265
202032
202809
202985
203638
203327
201412
202853
204014
203000
202000
202581
201932
202457
202028
202341
202029
203200
203497
202218
201950
203532
202751
202246
203860
203209
201923
202347
203972
202072
203171
202121
203459
202452
203143
202958
203054
202722
203047
201478
202481
202304
202620
201917
201957
202943
202383
202014
203476
202236
202767
203380
202840
202126
203095
202007
203985
202957
203400
201997
203626
203602
203563
202473
202414
202904
201518
202863
201940
203342
203205
201462
202870
203853
203455
201783
203809
203041
202314
202583
203364
203939
202509
202010
203078
202225
203090
202397
201996
203702
203260
201473
202770
202189
202251
202987
203089
203688
202879
202090
203451
203548
202151
201922
202256
203498
202659
202938
203929
203538
201898
201799
202700
203694
202259
202933
202432
203678
201981
203118
203625
202815
202163
203543
202297
203263
203322
202240
202275
203689
202360
204028
203590
203206
203582
202912
201935
202484
203128
203828
202298
202093
202931
202455
202024
202116
203277
203686
203861
203681
203129
202910
203606
201949
202797
203594
203213
203289
204009
202040
201546
203212
202559
203299
203250
201993
202865
202812
201573
201452
203138
203462
202824
201594
202514
201592
202179
202926
201457
202929
202333
203609
202135
202224
201937
202915
202119
201426
202979
203534
203613
203566
203752
201795
202585
202005
202441
203399
203044
203579
203464
202546
201926
202084
202600
201717
202721
203247
202755
202625
202604
202393
202779
203610
203530
202335
203104
202127
203376
201962
203605
203680
203516
202570
202885
202533
201600
202220
203560
203652
203347
203096
201919
202645
202554
203091
202404
202982
203075
202743
202162
202385
203328
203420
201928
203740
203896
201936
203248
202022
202520
202204
202329
203102
202882
202703
203597
203268
202969
203291
201619
201539
202776
203193
202286
203668
201907
201938
201545
203653
203300
201979
201908
202793
203087
202947
201659
202078
202855
202849
202216
202984
204032
203355
202493
203729
202231
201999
201976
201896
202993
201443
203154
202274
202994
201716
202699
202924
202006
201598
201967
203952
203027
203677
201450
201758
203951
202932
203220
203700
203873
203658
203536
203886
202716
203503
203646
203001
202410
203855
202165
203551
203365
202719
203616
202210
203368
203966
203093
202526
202515
202720
202088
204025
202599
203124
202062
202168
202075
203050
203356
202318
201966
203736
202819
202939
203353
201548
202908
203810
202763
202064
202190
201918
202229
201488
203229
201910
203253
203705
201809
202101
202309
202861
201968
204012
202244
202555
203512
202424
202468
203617
202953
202902
203109
201959
202692
203549
202349
202764
201764
202601
203524
202862
203042
202173
202782
202732
202156
202031
202037
203034
202277
202543
202153
202395
202133
203895
202446
201492
202047
203949
201446
203557
202015
202268
202046
203116
202098
202874
203627
203284
202264
202089
203567
203181
203070
202783
203825
202164
202198
202940
202108
202172
202373
203457
202923
202785
201461
203351
203373
202095
203122
204015
203706
203349
202871
202689
202686
203303
202842
202345
201982
202160
203862
201422
202426
203552
202519
203957
201454
203675
203760
201934
202768
202510
202209
202052
203428
202085
203755
203186
201459
203856
202661
202306
203874
202083
202573
202780
201939
202511
203282
203762
203411
201970
201948
203786
203713
201749
202769
203150
203115
203060
201565
203743
203748
201641
202096
203751
203661
202839
202742
202008
202061
202102
204013
201512
202866
201661
203192
202050
202103
201953
202308
202971
202365
201650
202831
202059
201954
201972
203633
201571
202978
201909
201969
202521
202247
201925
202130
201550
201902
202177
202739
203889
202766
203533
203061
203649
203430
201485
203172
203182
202350
202631
203731
202595
202076
201977
202460
203007
202451
203059
201915
202057
202786
202106
203211
202128
202235
203690
202036
202400
203135
202049
201951
201519
202379
202141
203773
201904
201943
202020
202802
202959
203539
201513
201755
202576
202995
202266
203593
201437
203588
203598
201952
201814
203796
203999
201894
203851
204003
203719
202629
202909
201989
202872
203670
202271
203758
202200
203210
203316
203222
202495
203629
202063
203287
202239
202182
202178
202054
202377
201556
202019
202066
201903
201404
201961
202118
203029
202407
202646
203715
202371
203108
202557
203656
202663
202011
202012
202097
202608
201978
203139
202361
202532
201423
204007
201964
202169
202560
202016
203596
203094
202174
202950
203074
201515
203201
202034
201445
201754
203083
202004
201991
203826
203241
203664
201496
201946
202622
202013
202811
202009
203940
203732
203803
203738
203194
202294
202312
203734
203757
202180
202413
201942
201436
203749
203065
202149
203620
203811
203621
203510
203012
201453
203204
202326
203163
203203
201553
201740
201899
202068
202107
201960
201691
202295
202594
202920
202214
201975
203537
202287
202693
203157
202206
201582
202873
203040
202192
202060
203662
203640
202406
203829
203721
202355
202403
202146
202955
202055
201994
203655
202946
201511
202033
201797
201569
202384
201528
202934
202035
202038
202832
202836
202713
202774
202065
202215
201666
202396
202211
202888
202711
203565
202925
202992
201986
202197
203523
202276
202111
203839
202524
203601
203221
202816
203123
202803
201683
203955
202079
202042
202999
203657
203708
203863
203325
201987
201460
202138
201933
203956
203819
202129
203073
202094
202124
203403
202217
203134
203607
202503
202188
201992
201895
202175
202387
202195
203180
203699
203402
203188
203372
202278
201965
202725
202544
203257
201431
202654
203105
201798
201947
202988
201984
203119
202227
202927
201796
203125
202117
204000
203132
203973
201491
202777
202232
201974
204030
203788
202954
202653
203195
202030
203832
203783
203922
203615
203137
203232
202234
201486
203660
202733
202964
203332
202632
203407
204029
202161
202401
202905
202921
202859
203367
203636
203369
203487
203018
202208
202948
202944
201931
203614
203454
203354
203416
202833
202814
203240
202082
202222
202233
203531
203737
202243
203153
203724
201971
202829
203433
202074
202421
203395
203872
202272
202896
202112
202423
203432
202018
202139
202325
202254
202593
202980
203100
202245
202792
202185
202288
202656
202482
203720
202114
203511
202087
202848
203989
203082
201752
202025
202587
202588
202023
201455
203422
202003
203410
201912
202537
203774
202125
202508
203634
203415
202512
202331
202799
203716
202990
203382
201911
203004
201958